# Created by Octave 3.8.0, Thu Jun 06 16:54:57 2019 MSK <infosec@RACAs-MacBook-Air.local>
# name: x
# type: scalar
1


