# Created by Octave 3.8.0, Sat Jun 01 19:26:04 2019 MSK <infosec@RACAs-MacBook-Air.local>
# name: data_lab
# type: matrix
# rows: 1000
# columns: 2
 1 6.50516004712974
 2 10.50516004712974
 3 14.50516004712974
 4 18.50516004712974
 5 22.50516004712974
 6 26.50516004712974
 7 30.50516004712974
 8 34.50516004712974
 9 38.50516004712974
 10 42.50516004712974
 11 46.50516004712974
 12 50.50516004712974
 13 54.50516004712974
 14 58.50516004712974
 15 62.50516004712974
 16 66.50516004712973
 17 70.50516004712973
 18 74.50516004712973
 19 78.50516004712973
 20 82.50516004712973
 21 86.50516004712973
 22 90.50516004712973
 23 94.50516004712973
 24 98.50516004712973
 25 102.5051600471297
 26 106.5051600471297
 27 110.5051600471297
 28 114.5051600471297
 29 118.5051600471297
 30 122.5051600471297
 31 126.5051600471297
 32 130.5051600471297
 33 134.5051600471297
 34 138.5051600471297
 35 142.5051600471297
 36 146.5051600471297
 37 150.5051600471297
 38 154.5051600471297
 39 158.5051600471297
 40 162.5051600471297
 41 166.5051600471297
 42 170.5051600471297
 43 174.5051600471297
 44 178.5051600471297
 45 182.5051600471297
 46 186.5051600471297
 47 190.5051600471297
 48 194.5051600471297
 49 198.5051600471297
 50 202.5051600471297
 51 206.5051600471297
 52 210.5051600471297
 53 214.5051600471297
 54 218.5051600471297
 55 222.5051600471297
 56 226.5051600471297
 57 230.5051600471297
 58 234.5051600471297
 59 238.5051600471297
 60 242.5051600471297
 61 246.5051600471297
 62 250.5051600471297
 63 254.5051600471297
 64 258.5051600471297
 65 262.5051600471297
 66 266.5051600471297
 67 270.5051600471297
 68 274.5051600471297
 69 278.5051600471297
 70 282.5051600471297
 71 286.5051600471297
 72 290.5051600471297
 73 294.5051600471297
 74 298.5051600471297
 75 302.5051600471297
 76 306.5051600471297
 77 310.5051600471297
 78 314.5051600471297
 79 318.5051600471297
 80 322.5051600471297
 81 326.5051600471297
 82 330.5051600471297
 83 334.5051600471297
 84 338.5051600471297
 85 342.5051600471297
 86 346.5051600471297
 87 350.5051600471297
 88 354.5051600471297
 89 358.5051600471297
 90 362.5051600471297
 91 366.5051600471297
 92 370.5051600471297
 93 374.5051600471297
 94 378.5051600471297
 95 382.5051600471297
 96 386.5051600471297
 97 390.5051600471297
 98 394.5051600471297
 99 398.5051600471297
 100 402.5051600471297
 101 406.5051600471297
 102 410.5051600471297
 103 414.5051600471297
 104 418.5051600471297
 105 422.5051600471297
 106 426.5051600471297
 107 430.5051600471297
 108 434.5051600471297
 109 438.5051600471297
 110 442.5051600471297
 111 446.5051600471297
 112 450.5051600471297
 113 454.5051600471297
 114 458.5051600471297
 115 462.5051600471297
 116 466.5051600471297
 117 470.5051600471297
 118 474.5051600471297
 119 478.5051600471297
 120 482.5051600471297
 121 486.5051600471297
 122 490.5051600471297
 123 494.5051600471297
 124 498.5051600471297
 125 502.5051600471297
 126 506.5051600471297
 127 510.5051600471297
 128 514.5051600471297
 129 518.5051600471297
 130 522.5051600471297
 131 526.5051600471297
 132 530.5051600471297
 133 534.5051600471297
 134 538.5051600471297
 135 542.5051600471297
 136 546.5051600471297
 137 550.5051600471297
 138 554.5051600471297
 139 558.5051600471297
 140 562.5051600471297
 141 566.5051600471297
 142 570.5051600471297
 143 574.5051600471297
 144 578.5051600471297
 145 582.5051600471297
 146 586.5051600471297
 147 590.5051600471297
 148 594.5051600471297
 149 598.5051600471297
 150 602.5051600471297
 151 606.5051600471297
 152 610.5051600471297
 153 614.5051600471297
 154 618.5051600471297
 155 622.5051600471297
 156 626.5051600471297
 157 630.5051600471297
 158 634.5051600471297
 159 638.5051600471297
 160 642.5051600471297
 161 646.5051600471297
 162 650.5051600471297
 163 654.5051600471297
 164 658.5051600471297
 165 662.5051600471297
 166 666.5051600471297
 167 670.5051600471297
 168 674.5051600471297
 169 678.5051600471297
 170 682.5051600471297
 171 686.5051600471297
 172 690.5051600471297
 173 694.5051600471297
 174 698.5051600471297
 175 702.5051600471297
 176 706.5051600471297
 177 710.5051600471297
 178 714.5051600471297
 179 718.5051600471297
 180 722.5051600471297
 181 726.5051600471297
 182 730.5051600471297
 183 734.5051600471297
 184 738.5051600471297
 185 742.5051600471297
 186 746.5051600471297
 187 750.5051600471297
 188 754.5051600471297
 189 758.5051600471297
 190 762.5051600471297
 191 766.5051600471297
 192 770.5051600471297
 193 774.5051600471297
 194 778.5051600471297
 195 782.5051600471297
 196 786.5051600471297
 197 790.5051600471297
 198 794.5051600471297
 199 798.5051600471297
 200 802.5051600471297
 201 806.5051600471297
 202 810.5051600471297
 203 814.5051600471297
 204 818.5051600471297
 205 822.5051600471297
 206 826.5051600471297
 207 830.5051600471297
 208 834.5051600471297
 209 838.5051600471297
 210 842.5051600471297
 211 846.5051600471297
 212 850.5051600471297
 213 854.5051600471297
 214 858.5051600471297
 215 862.5051600471297
 216 866.5051600471297
 217 870.5051600471297
 218 874.5051600471297
 219 878.5051600471297
 220 882.5051600471297
 221 886.5051600471297
 222 890.5051600471297
 223 894.5051600471297
 224 898.5051600471297
 225 902.5051600471297
 226 906.5051600471297
 227 910.5051600471297
 228 914.5051600471297
 229 918.5051600471297
 230 922.5051600471297
 231 926.5051600471297
 232 930.5051600471297
 233 934.5051600471297
 234 938.5051600471297
 235 942.5051600471297
 236 946.5051600471297
 237 950.5051600471297
 238 954.5051600471297
 239 958.5051600471297
 240 962.5051600471297
 241 966.5051600471297
 242 970.5051600471297
 243 974.5051600471297
 244 978.5051600471297
 245 982.5051600471297
 246 986.5051600471297
 247 990.5051600471297
 248 994.5051600471297
 249 998.5051600471297
 250 1002.50516004713
 251 1006.50516004713
 252 1010.50516004713
 253 1014.50516004713
 254 1018.50516004713
 255 1022.50516004713
 256 1026.50516004713
 257 1030.50516004713
 258 1034.50516004713
 259 1038.50516004713
 260 1042.50516004713
 261 1046.50516004713
 262 1050.50516004713
 263 1054.50516004713
 264 1058.50516004713
 265 1062.50516004713
 266 1066.50516004713
 267 1070.50516004713
 268 1074.50516004713
 269 1078.50516004713
 270 1082.50516004713
 271 1086.50516004713
 272 1090.50516004713
 273 1094.50516004713
 274 1098.50516004713
 275 1102.50516004713
 276 1106.50516004713
 277 1110.50516004713
 278 1114.50516004713
 279 1118.50516004713
 280 1122.50516004713
 281 1126.50516004713
 282 1130.50516004713
 283 1134.50516004713
 284 1138.50516004713
 285 1142.50516004713
 286 1146.50516004713
 287 1150.50516004713
 288 1154.50516004713
 289 1158.50516004713
 290 1162.50516004713
 291 1166.50516004713
 292 1170.50516004713
 293 1174.50516004713
 294 1178.50516004713
 295 1182.50516004713
 296 1186.50516004713
 297 1190.50516004713
 298 1194.50516004713
 299 1198.50516004713
 300 1202.50516004713
 301 1206.50516004713
 302 1210.50516004713
 303 1214.50516004713
 304 1218.50516004713
 305 1222.50516004713
 306 1226.50516004713
 307 1230.50516004713
 308 1234.50516004713
 309 1238.50516004713
 310 1242.50516004713
 311 1246.50516004713
 312 1250.50516004713
 313 1254.50516004713
 314 1258.50516004713
 315 1262.50516004713
 316 1266.50516004713
 317 1270.50516004713
 318 1274.50516004713
 319 1278.50516004713
 320 1282.50516004713
 321 1286.50516004713
 322 1290.50516004713
 323 1294.50516004713
 324 1298.50516004713
 325 1302.50516004713
 326 1306.50516004713
 327 1310.50516004713
 328 1314.50516004713
 329 1318.50516004713
 330 1322.50516004713
 331 1326.50516004713
 332 1330.50516004713
 333 1334.50516004713
 334 1338.50516004713
 335 1342.50516004713
 336 1346.50516004713
 337 1350.50516004713
 338 1354.50516004713
 339 1358.50516004713
 340 1362.50516004713
 341 1366.50516004713
 342 1370.50516004713
 343 1374.50516004713
 344 1378.50516004713
 345 1382.50516004713
 346 1386.50516004713
 347 1390.50516004713
 348 1394.50516004713
 349 1398.50516004713
 350 1402.50516004713
